2
6
7
8
12
18
23
25
26
36
37
40
42
49
56
61
69
71
73
74
75
76
84
88
95
96
102
113
123
128
132
137
140
144
146
147
151
160
161
162
165
168
171
182
185
190
191
199
202
205
207
210
214
216
218
227
228
229
230
234
235
241
244
248
250
252
253
254
255
256
259
260
264
272
273
274
277
278
280
281
288
291
296
298
303
305
307
313
318
324
327
328
336
337
339
340
343
347
349
350
358
367
368
377
386
388
395
402
404
405
407
408
409
410
415
416
417
419
420
422
423
425
427
432
435
447
450
451
452
454
457
458
460
464
470
474
477
481
486
487
489
490
493
495
496
497
498
507
508
511
521
524
527
529
532
538
539
541
542
543
545
552
558
560
570
571
572
578
579
583
585
591
593
594
600
602
607
613
614
615
617
619
623
630
636
645
651
652
654
659
663
667
671
675
676
680
681
686
689
690
691
698
713
716
717
719
721
722
723
726
727
729
734
735
737
739
747
749
751
752
755
757
765
766
768
769
770
772
775
781
788
790
794
796
803
805
806
807
808
815
819
822
828
831
835
836
837
838
839
844
847
856
863
864
868
873
874
875
878
882
884
886
888
894
904
906
910
913
919
926
929
930
932
933
934
935
936
939
943
944
947
949
950
951
956
959
964
969
970
972
973
975
978
982
996
998
1001
1002
1008
1013
1025
1027
1029
1034
1039
1044
1048
1051
1052
1055
1058
1067
1069
1078
1082
1086
1090
1092
1098
1101
1105
1108
1110
1123
1127
1138
1146
1150
1155
1156
1159
1160
1162
1165
1166
1169
1172
1175
1176
1178
1179
1186
1188
1189
1190
1196
1197
1198
1203
1213
1214
1215
1223
1230
1232
1234
1236
1237
1243
1247
1249
1250
1255
1263
1264
1267
1268
1278
1281
1286
1290
1298
1305
1306
1309
1310
1313
1315
1316
1325
1327
1329
1330
1333
1334
1335
1344
1349
1351
1353
1354
1361
1363
1365
1366
1369
1373
1376
1378
1382
1383
1386
1390
1394
1398
1403
1405
1407
1414
1416
1418
1426
1440
1447
1449
1450
1455
1458
1463
1467
1474
1475
1480
1481
1487
1488
1493
1511
1513
1517
1518
1521
1522
1525
1531
1532
1536
1538
1540
1547
1549
1553
1561
1564
1566
1574
1575
1576
1578
1584
1587
1589
1598
1602
1617
1618
1623
1628
1629
1630
1631
1632
1633
1635
1637
1645
1650
1651
1658
1663
1666
1669
1670
1671
1674
1675
1676
1681
1685
1688
1697
1698
1705
1713
1715
1724
1731
1738
1741
1755
1757
1758
1766
1771
1775
1777
1779
1784
1785
1788
1791
1797
1802
1803
1805
1807
1812
1814
1817
1820
1826
1829
1830
1831
1833
1838
1839
1843
1846
1849
1852
1853
1858
1860
1877
1878
1879
1882
1884
1892
1893
1898
1899
1903
1905
1908
1909
1912
1913
1924
1930
1932
1934
1935
1937
1950
1957
1958
1962
1964
1965
1967
1968
1973
1975
1976
1981
1986
1994
1998
1999
2005
2009
2016
2017
2019
2021
2033
2034
2035
2038
2040
2044
2045
2049
2055
2061
2073
2074
2088
2090
2099
2108
2113
2117
2122
2127
2128
2133
2136
2139
2143
2145
2155
2156
2158
2161
2166
2167
2172
2176
2177
2181
2185
2186
2194
2197
2198
2200
2205
2209
2213
2215
2219
2221
2231
2235
2236
2242
2257
2259
2264
2267
2275
2276
2277
2279
2299
2302
2305
2308
2313
2315
2320
2321
2322
2323
2325
2326
2334
2337
2341
2344
2346
2350
2351
2352
2354
2355
2356
2358
2362
2364
2369
2371
2374
2375
2379
2381
2384
2392
2395
2396
2402
2408
2410
2415
2422
2426
2427
2428
2431
2433
2437
2438
2443
2444
2447
2448
2450
2452
2454
2457
2461
2464
2465
2472
2473
2480
2483
2488
2491
2492
2507
2509
2510
2513
2516
2518
2520
2522
2524
2525
2529
2530
2540
2551
2554
2555
2559
2562
2564
2566
2573
2578
2579
2584
2592
2601
2602
2607
2615
2620
2624
2625
2626
2628
2632
2636
2639
2659
2660
2664
2665
2673
2675
2676
2679
2681
2685
2686
2689
2691
2700
2712
2728
2730
2731
2736
2738
2739
2741
2742
2744
2748
2755
2757
2762
2763
2766
2770
2771
2774
2778
2792
2795
2796
2797
2806
2808
2810
2819
2827
2833
2841
2852
2855
2858
2860
2861
2863
2864
2868
2874
2875
2876
2878
2881
2883
2884
2886
2891
2892
2895
2897
2904
2907
2909
2912
2913
2918
2919
2926
2928
2929
2939
2942
2954
2955
2971
2972
2977
2978
2982
2983
2986
2989
2990
2991
2997
3000
3009
3012
3014
3016
3025
3026
3029
3040
3041
3043
3050
3052
3055
3066
3067
3072
3073
3076
3082
3084
3085
3090
3107
3111
3112
3118
3127
3129
3132
3133
3138
3145
3151
3154
3157
3159
3160
3161
3163
3166
3167
3168
3170
3177
3179
3192
3200
3204
3205
3207
3213
3215
3217
3220
3232
3233
3238
3239
3241
3243
3248
3250
3254
3258
3273
3274
3278
3282
3286
3290
3293
3301
3307
3312
3314
3316
3324
3325
3328
3331
3332
3335
3338
3344
3349
3350
3353
3354
3357
3364
3366
3370
3380
3389
3395
3396
3397
3398
3400
3408
3417
3424
3428
3429
3431
3434
3437
3444
3446
3448
3452
3454
3458
3461
3462
3472
3473
3477
3478
3480
3487
3494
3497
3501
3508
3510
3511
3514
3517
3519
3528
3529
3531
3533
3537
3540
3542
3543
3550
3557
3560
3562
3563
3565
3575
3580
3584
3586
3588
3593
3607
3611
3612
3614
3618
3619
3627
3635
3636
3638
3643
3644
3649
3654
3658
3660
3664
3665
3671
3672
3673
3686
3695
3696
3699
3702
3706
3710
3711
3712
3715
3718
3724
3725
3733
3735
3739
3742
3744
3746
3753
3757
3763
3766
3768
3777
3786
3792
3798
3802
3811
3812
3815
3816
3817
3823
3827
3828
3831
3834
3835
3839
3846
3847
3848
3853
3858
3859
3860
3861
3863
3871
3872
3874
3878
3880
3881
3882
3884
3885
3903
3910
3915
3921
3924
3928
3933
3934
3936
3940
3944
3949
3952
3954
3959
3960
3967
3968
3971
3979
3981
3982
3989
3995
3996
3997
4001
4003
4005
4011
4021
4024
4027
4029
4032
4037
4041
4042
4050
4053
4058
4062
4066
4068
4069
4075
4076
4080
4081
4086
4088
4092
4102
4104
4109
4114
4120
4130
4138
4142
4143
4144
4153
4157
4161
4162
4168
4169
4170
4186
4188
4197
4218
4226
4227
4238
4240
4247
4250
4252
4253
4254
4255
4256
4257
4261
4262
4263
4269
4270
4271
4274
4294
4299
4303
4310
4312
4316
4317
4332
4334
4338
4339
4340
4342
4349
4350
4353
4355
4359
4362
4364
4365
4370
4379
4381
4390
4393
4394
4395
4400
4401
4402
4406
4409
4415
4422
4424
4428
4434
4441
4443
4449
4451
4452
4459
4464
4469
4472
4478
4479
4481
4483
4489
4490
4491
4495
4509
4510
4511
4517
4522
4530
4534
4535
4537
4538
4539
4545
4549
4550
4554
4558
4566
4567
4574
4576
4577
4582
4585
4586
4592
4593
4595
4597
4600
4602
4605
4606
4608
4609
4619
4622
4631
4632
4635
4636
4640
4643
4646
4650
4655
4659
4661
4664
4666
4669
4670
4671
4673
4676
4678
4681
4682
4687
4689
4693
4695
4698
4702
4705
4709
4712
4716
4722
4724
4729
4731
4746
4748
4751
4752
4754
4763
4765
4766
4767
4773
4777
4779
4795
4799
4803
4810
4815
4819
4832
4848
4851
4853
4856
4863
4867
4869
4872
4891
4892
4893
4897
4898
4899
4909
4910
4923
4925
4931
4935
4940
4943
4946
4950
4952
4955
4956
4961
4969
4972
4975
4984
4986
4990
4991
4996
5000
5003
5004
5011
5014
5023
5027
5034
5036
5039
5046
5049
5055
5064
5074
5075
5077
5078
5080
5081
5084
5093
5094
5099
5103
5106
5120
5131
5145
5150
5157
5159
5163
5164
5166
5167
5168
5171
5174
5176
5181
5184
5185
5188
5191
5195
5201
5204
5207
5208
5210
5214
5215
5232
5236
5237
5239
5243
5245
5248
5251
5261
5269
5278
5286
5287
5288
5290
5291
5294
5297
5300
5302
5310
5312
5316
5319
5321
5322
5323
5324
5329
5334
5336
5337
5338
5341
5344
5349
5355
5362
5363
5368
5369
5376
5378
5382
5383
5385
5387
5389
5392
5395
5396
5398
5401
5403
5408
5409
5413
5419
5428
5429
5430
5433
5436
5438
5449
5456
5457
5469
5470
5472
5473
5476
5479
5486
5490
5492
5493
5496
5502
5506
5507
5509
5511
5518
5525
5529
5530
5532
5533
5540
5544
5547
5549
5551
5556
5558
5562
5564
5565
5569
5570
5573
5575
5579
5580
5583
5585
5587
5589
5603
5604
5607
5608
5609
5610
5618
5626
5630
5632
5633
5636
5637
5639
5643
5644
5647
5648
5650
5664
5665
5666
5673
5684
5690
5695
5705
5706
5707
5709
5713
5715
5719
5724
5725
5743
5748
5749
5750
5754
5755
5757
5758
5765
5769
5773
5774
5775
5776
5779
5782
5783
5793
5796
5804
5807
5809
5810
5811
5812
5815
5821
5828
5830
5833
5851
5855
5858
5861
5865
5877
5878
5885
5887
5891
5892
5893
5898
5901
5908
5910
5922
5925
5926
5931
5934
5937
5939
5951
5953
5956
5957
5959
5963
5971
5975
5985
5988
5990
5991
5994
6001
6004
6009
6015
6018
6019
6021
6024
6027
6030
6031
6041
6046
6050
6051
6053
6054
6059
6068
6071
6072
6073
6074
6081
6084
6085
6097
6099
6101
6104
6109
6114
6115
6118
6119
6120
6123
6127
6129
6130
6132
6134
6141
6143
6148
6153
6155
6156
6163
6165
6176
6179
6181
6188
6196
6197
6202
6205
6220
6226
6227
6237
6240
6241
6248
6258
6260
6263
6264
6265
6280
6282
6295
6296
6298
6299
6301
6302
6308
6309
6322
6323
6327
6328
6330
6338
6340
6356
6357
6364
6365
6367
6373
6377
6381
6398
6404
6421
6425
6426
6427
6428
6429
6431
6433
6434
6438
6442
6446
6450
6454
6456
6459
6462
6465
6472
6476
6478
6484
6487
6493
6494
6496
6498
6502
6508
6510
6519
6532
6533
6537
6545
6558
6560
6561
6563
6564
6569
6574
6575
6576
6584
6589
6593
6594
6595
6596
6597
6598
6603
6604
6605
6609
6622
6623
6626
6628
6630
6632
6633
6634
6636
6638
6640
6642
6643
6652
6653
6656
6658
6666
6668
6670
6671
6675
6677
6678
6679
6681
6683
6685
6687
6688
6691
6693
6694
6695
6698
6704
6706
6715
6724
6727
6728
6731
6732
6736
6737
6740
6742
6745
6748
6752
6758
6759
6762
6767
6772
6782
6795
6800
6804
6807
6808
6809
6813
6814
6818
6819
6825
6830
6833
6837
6843
6871
6875
6881
6887
6890
6901
6907
6909
6916
6919
6922
6923
6925
6935
6939
6941
6942
6945
6946
6949
6950
6954
6957
6960
6962
6966
6967
6976
6978
6979
6981
6986
6989
6990
6991
6998
6999
7007
7009
7013
7014
7021
7027
7028
7029
7038
7041
7049
7054
7059
7060
7068
7074
7079
7081
7084
7085
7087
7089
7091
7092
7093
7094
7106
7119
7123
7132
7137
7139
7141
7146
7150
7154
7158
7159
7164
7167
7170
7174
7176
7179
7181
7183
7190
7194
7195
7206
7208
7209
7210
7213
7215
7217
7225
7226
7230
7232
7234
7236
7237
7238
7239
7246
7249
7255
7260
7262
7267
7273
7275
7279
7282
7285
7286
7293
7295
7297
7298
7303
7305
7306
7309
7310
7319
7323
7328
7329
7345
7346
7347
7348
7352
7357
7362
7365
7366
7367
7373
7375
7377
7378
7379
7380
7383
7401
7402
7403
7407
7411
7412
7413
7414
7419
7428
7432
7434
7437
7442
7449
7451
7454
7458
7469
7471
7482
7484
7490
7494
7500
7501
7506
7507
7511
7513
7516
7523
7529
7532
7535
7536
7537
7541
7543
7550
7560
7561
7563
7569
7570
7578
7584
7586
7589
7605
7607
7608
7614
7615
7627
7630
7634
7647
7648
7658
7663
7664
7665
7671
7674
7678
7679
7680
7682
7696
7699
7702
7707
7709
7710
7711
7712
7715
7719
7720
7721
7734
7741
7743
7751
7754
7755
7756
7763
7764
7770
7773
7775
7777
7784
7786
7788
7793
7794
7811
7815
7818
7822
7824
7828
7831
7832
7835
7837
7844
7845
7858
7861
7864
7866
7867
7871
7872
7874
7877
7878
7884
7888
7890
7891
7896
7899
7902
7903
7908
7913
7923
7932
7934
7947
7950
7955
7956
7957
7967
7970
7978
7982
7983
7984
7986
7993
7999
8001
8005
8006
8011
8017
8020
8025
8028
8029
8033
8034
8038
8040
8043
8055
8057
8059
8064
8065
8066
8077
8081
8083
8088
8093
8104
8106
8107
8109
8127
8130
8131
8132
8134
8148
8150
8155
8156
8158
8159
8166
8173
8175
8183
8184
8185
8186
8193
8195
8198
8204
8207
8210
8211
8214
8233
8235
8241
8242
8250
8254
8255
8262
8265
8267
8274
8276
8277
8287
8292
8299
8301
8304
8315
8316
8326
8339
8344
8346
8347
8348
8356
8357
8362
8369
8375
8380
8386
8387
8388
8389
8395
8397
8399
8408
8410
8416
8422
8423
8425
8427
8429
8432
8436
8438
8442
8452
8453
8455
8463
8468
8472
8481
8483
8486
8488
8493
8500
8503
8514
8520
8521
8524
8528
8530
8547
8549
8553
8554
8555
8558
8562
8563
8564
8568
8573
8583
8584
8591
8593
8600
8602
8603
8621
8623
8626
8628
8633
8640
8641
8642
8643
8647
8655
8658
8661
8662
8665
8666
8667
8668
8675
8683
8702
8711
8712
8714
8720
8722
8723
8726
8728
8729
8737
8739
8744
8746
8747
8748
8766
8767
8770
8772
8773
8778
8779
8784
8786
8788
8790
8791
8794
8798
8799
8800
8802
8803
8804
8805
8806
8809
8810
8812
8813
8834
8837
8838
8841
8842
8843
8844
8853
8860
8863
8867
8868
8869
8875
8881
8886
8896
8898
8901
8905
8909
8910
8912
8913
8923
8927
8934
8935
8936
8939
8940
8948
8951
8954
8958
8979
8980
8982
8984
8989
8992
8998
8999
9002
9009
9012
9014
9018
9023
9024
9025
9027
9031
9034
9038
9040
9042
9055
9057
9059
9066
9073
9075
9076
9085
9091
9094
9098
9101
9102
9104
9108
9109
9114
9126
9127
9130
9143
9144
9145
9146
9156
9160
9165
9167
9173
9177
9187
9188
9190
9194
9196
9197
9202
9204
9207
9214
9215
9217
9219
9223
9226
9230
9232
9241
9242
9248
9249
9257
9272
9274
9284
9292
9293
9300
9304
9306
9312
9324
9325
9330
9331
9332
9338
9342
9343
9347
9351
9355
9387
9389
9391
9393
9395
9396
9398
9404
9408
9409
9413
9416
9418
9419
9420
9422
9423
9424
9426
9429
9431
9433
9434
9435
9437
9440
9444
9449
9452
9457
9461
9467
9468
9473
9474
9479
9500
9502
9506
9510
9511
9514
9515
9519
9530
9531
9534
9538
9541
9543
9545
9553
9561
9582
9584
9587
9590
9592
9606
9609
9612
9615
9616
9618
9620
9626
9630
9631
9633
9634
9635
9639
9640
9644
9653
9660
9665
9670
9681
9687
9690
9692
9693
9694
9697
9698
9699
9704
9705
9707
9708
9709
9712
9716
9722
9723
9725
9727
9729
9730
9732
9734
9738
9740
9742
9743
9749
9751
9753
9760
9762
9770
9774
9776
9777
9778
9780
9782
9785
9787
9788
9790
9791
9794
9797
9799
9800
9805
9807
9809
9812
9813
9821
9822
9828
9829
9833
9836
9841
9843
9849
9853
9855
9856
9860
9867
9871
9876
9883
9889
9891
9897
9902
9913
9915
9916
9917
9920
9923
9926
9931
9935
9936
9939
9940
9947
9952
9956
9957
9960
9963
9969
9977
9988
9995
9997
9998
10000
10002
10018
10021
10022
10028
10030
10043
10045
10050
10051
10052
10060
10065
10070
10071
10076
10078
10089
10095
10096
10098
10110
10112
10116
10117
10119
10121
10125
10139
10141
10149
10153
10156
10160
10161
10163
10164
10165
10174
10177
10178
10188
10195
10197
10199
10208
10216
10218
10220
10224
10229
10232
10233
10235
10238
10240
10243
10245
10250
10252
10255
10258
10264
10269
10270
10295
10296
10301
10304
10309
10310
10312
10313
10324
10331
10333
10335
10336
10341
10351
10355
10356
10358
10360
10362
10364
10366
10368
10369
10370
10374
10375
10385
10387
10390
10393
10394
10405
10417
10419
10424
10426
10434
10439
10452
10464
10469
10474
10478
10486
10497
10498
10500
10508
10509
10511
10516
10526
10527
10529
10533
10534
10535
10537
10540
10542
10545
10549
10558
10559
10567
10570
10579
10587
10589
10591
10598
10599
10616
10620
10622
10631
10635
10643
10648
10652
10655
10658
10661
10671
10678
10682
10690
10711
10712
10720
10722
10728
10740
10741
10743
10750
10751
10758
10762
10763
10771
10775
10783
10787
10790
10793
10795
10796
10802
10806
10811
10816
10825
10830
10834
10837
10849
10860
10863
10866
10875
10877
10879
10880
10883
10885
10888
10893
10894
10895
10897
10898
10905
10907
10910
10915
10921
10924
10927
10930
10933
10934
10940
10942
10957
10958
10966
10968
10977
10978
10980
10984
10993
11000
11003
11009
11012
11014
11017
11022
11028
11029
11030
11031
11032
11036
11047
11058
11081
11083
11084
11091
11095
11101
11102
11105
11113
11114
11119
11120
11124
11125
11129
11132
11133
11136
11137
11147
11152
11153
11155
11164
11168
11183
11187
11192
11193
11195
11216
11226
11229
11230
11231
11233
11235
11237
11242
11244
11247
11250
11256
11259
11264
11271
11276
11277
11278
11279
11280
11281
11286
11287
11297
11298
11300
11307
11313
11315
11323
11325
11326
11330
11335
11339
11343
11345
11355
11359
11362
11371
11375
11377
11378
11380
11389
11391
11392
11396
11398
11404
11405
11406
11407
11410
11413
11430
11442
11443
11446
11458
11468
11482
11484
11486
11487
11492
11498
11502
11503
11510
11517
11518
11522
11529
11531
11532
11536
11539
11541
11544
11546
11547
11551
11557
11565
11568
11571
11572
11577
11578
11581
11584
11587
11588
11589
11597
11598
11601
11603
11608
11613
11615
11616
11619
11621
11629
11638
11645
11646
11650
11658
11665
11670
11678
11690
11698
11699
11701
11702
11707
11717
11721
11723
11724
11728
11730
11734
11736
11739
11741
11743
11744
11748
11749
11755
11774
11778
11793
11797
11799
11802
11809
11810
11817
11822
11826
11835
11838
11843
11848
11849
11854
11856
11857
11861
11869
11872
11879
11880
11884
11886
11894
11900
11911
11918
11919
11927
11928
11932
11936
11937
11939
11940
11946
11949
11950
11951
11957
11958
11959
11963
11970
11972
11977
11979
11982
11985
11989
11990
11993
12001
12002
12005
12006
12007
12008
12013
12015
12021
12034
12035
12040
12043
12044
12052
12054
12056
12065
12066
12076
12077
12082
12084
12085
12095
12096
12098
12100
12104
12109
12114
12115
12125
12140
12141
12142
12143
12145
12149
12157
12164
12172
12181
12183
12186
12191
12197
12198
12199
12201
12202
12210
12213
12217
12220
12223
12226
12233
12242
12245
12247
12250
12256
12258
12264
12268
12269
12274
12275
12276
12277
12278
12281
12283
12288
12297
12308
12310
12313
12320
12324
12330
12332
12333
12334
12336
12338
12339
12341
12345
12347
12355
12356
12358
12366
12373
12375
12382
12383
12384
12385
12387
12392
12393
12397
12403
12410
12418
12425
12430
12442
12447
12448
12449
12450
12458
12464
12466
12468
12469
12472
12475
12478
12479
12482
12483
12484
12487
12490
12493
12494
12495
12497
12499
12503
12504
12507
12509
12510
12511
12515
12530
12532
12537
12542
12544
12547
12549
12550
12552
12553
12557
12562
12574
12586
12587
12588
12590
12591
12597
12605
12614
12617
12622
12623
12632
12641
12650
12651
12652
12656
12660
12661
12663
12667
12669
12677
12679
12681
12685
12688
12714
12721
12722
12723
12727
12728
12730
12731
12735
12736
12738
12746
12747
12749
12753
12755
12760
12764
12766
12774
12775
12777
12781
12785
12788
12794
12796
12803
12805
12806
12808
12824
12831
12834
12840
12841
12843
12850
12853
12866
12870
12876
12881
12890
12894
12895
12896
12899
12900
12903
12908
12912
12915
12925
12927
12928
12930
12945
12947
12948
12950
12954
12955
12961
12964
12965
12970
12979
12981
12985
12988
12989
12992
12997
13007
13008
13009
13015
13017
13019
13020
13024
13025
13027
13035
13042
13045
13051
13054
13057
13062
13063
13065
13070
13071
13075
13078
13084
13087
13098
13099
13100
13101
13106
13114
13115
13118
13120
13124
13130
13131
13134
13140
13161
13165
13166
13167
13171
13172
13173
13175
13188
13196
13209
13212
13214
13215
13217
13219
13223
13225
13233
13235
13238
13247
13250
13251
13255
13258
13259
13260
13264
13266
13268
13270
13281
13298
13300
13304
13306
13312
13320
13322
13329
13333
13345
13361
13365
13368
13370
13374
13378
13385
13391
13393
13394
13400
13412
13413
13414
13415
13418
13421
13422
13424
13434
13441
13442
13446
13447
13450
13460
13467
13468
13470
13485
13486
13489
13494
13500
13516
13518
13520
13529
13533
13536
13538
13541
13554
13557
13559
13561
13562
13565
13566
13570
13573
13577
13578
13581
13582
13590
13597
13599
13600
13602
13603
13611
13625
13633
13638
13642
13644
13645
13648
13667
13669
13674
13676
13678
13681
13682
13684
13689
13695
13697
13705
13711
13712
13719
13722
13723
13726
13730
13731
13734
13736
13737
13739
13744
13746
13750
13751
13753
13760
13764
13769
13774
13796
13797
13799
13801
13802
13805
13806
13811
13813
13815
13825
13841
13843
13844
13845
13847
13851
13853
13855
13857
13858
13864
13867
13873
13879
13880
13883
13884
13885
13894
13895
13903
13908
13910
13912
13913
13914
13917
13918
13920
13925
13929
13933
13940
13947
13954
13959
13964
13968
13974
13976
13977
13980
13981
13983
13986
13987
13988
13991
13992
13993
13994
13999
14003
14005
14010
14011
14015
14019
14023
14029
14030
14031
14032
14034
14037
14039
14040
14048
14050
14052
14072
14073
14078
14083
14085
14087
14096
14098
14106
14108
14112
14113
14114
14120
14121
14125
14126
14130
14131
14133
14144
14146
14147
14154
14157
14158
14160
14162
14185
14189
14191
14192
14193
14194
14195
14200
14204
14205
14210
14219
14222
14228
14237
14243
14247
14254
14261
14263
14264
14271
14278
14281
14284
14285
14286
14297
14303
14308
14310
14313
14314
14321
14323
14325
14327
14330
14333
14338
14343
14345
14347
14348
14356
14357
14360
14361
14363
14366
14369
14371
14373
14374
14381
14385
14391
14393
14394
14395
14401
14402
14408
14409
14414
14415
14417
14419
14420
14422
14428
14433
14437
14439
14449
14450
14451
14454
14461
14464
14467
14473
14479
14485
14486
14488
14490
14492
14494
14495
14497
14498
14501
14504
14509
14510
14519
14523
14526
14527
14528
14534
14542
14552
14555
14564
14571
14572
14574
14575
14579
14584
14588
14608
14611
14612
14617
14621
14622
14626
14628
14631
14634
14650
14654
14655
14660
14663
14664
14665
14673
14676
14681
14685
14686
14689
14696
14698
14703
14704
14706
14712
14718
14729
14732
14733
14739
14741
14743
14744
14749
14752
14758
14760
14771
14775
14781
14782
14784
14790
14796
14797
14804
14812
14816
14817
14823
14836
14837
14839
14840
14846
14847
14849
14851
14853
14855
14857
14866
14871
14873
14877
14878
14882
14883
14888
14890
14891
14897
14899
14902
14908
14909
14923
14928
14931
14933
14954
14957
14961
14963
14966
14967
14970
14972
14977
14978
14986
14993
14997
15000
15004
15007
15011
15020
15022
15027
15037
15042
15048
15049
15053
15055
15057
15061
15065
15068
15069
15071
15075
15077
15080
15094
15096
15098
15099
15103
15111
15115
15118
15119
15125
15127
15128
15133
15134
15137
15138
15143
15147
15152
15154
15162
15166
15167
15169
15170
15171
15173
15176
15183
15187
15189
15191
15195
15198
15199
15201
15204
15207
15212
15219
15221
15223
15224
15226
15229
15230
15235
15237
15238
15249
15250
15258
15268
15269
15271
15275
15280
15284
15290
15297
15300
15302
15307
15308
15310
15316
15317
15319
15323
15326
15332
15336
15337
15338
15339
15340
15347
15348
15350
15353
15360
15361
15362
15375
15377
15382
15383
15389
15391
15392
15397
15401
15411
15416
15417
15419
15420
15421
15422
15423
15425
15426
15432
15435
15439
15440
15444
15446
15447
15450
15458
15462
15463
15464
15465
15468
15469
15470
15494
15497
15499
15504
15509
15512
15516
15518
15522
15525
15530
15531
15532
15540
15541
15543
15545
15552
15556
15567
15575
15578
15580
15584
15589
15590
15593
15597
15600
15602
15609
15618
15623
15628
15630
15631
15633
15635
15637
15645
15664
15665
15676
15677
15693
15695
15700
15705
15708
15711
15712
15719
15721
15724
15729
15732
15735
15737
15738
15740
15746
15752
15753
15756
15760
15761
15762
15766
15771
15772
15781
15788
15791
15795
15803
15804
15810
15813
15818
15822
15825
15826
15827
15828
15832
15835
15847
15852
15857
15860
15866
15869
15872
15875
15882
15891
15892
15897
15902
15903
15907
15908
15909
15914
15916
15925
15927
15928
15932
15935
15947
15948
15958
15960
15968
15969
15976
15977
15980
15981
15983
15990
15991
15993
15997
15999
16006
16007
16026
16027
16028
16029
16032
16033
16034
16035
16039
16040
16046
16065
16066
16067
16074
16076
16081
16086
16087
16088
16090
16093
16099
16100
16101
16104
16106
16108
16110
16111
16112
16114
16116
16117
16118
16128
16130
16133
16135
16136
16139
16142
16147
16151
16156
16168
16172
16176
16177
16179
16185
16187
16191
16195
16198
16201
16203
16204
16214
16215
16220
16225
16227
16228
16230
16236
16243
16252
16257
16258
16263
16281
16282
16285
16290
16297
16298
16304
16308
16317
16318
16320
16321
16326
16334
16343
16344
16345
16353
16355
16356
16357
16359
16370
16373
16374
16377
16378
16379
16381
16388
16397
16406
16413
16417
16424
16426
16428
16436
16438
16440
16442
16446
16448
16453
16455
16459
16462
16465
16466
16467
16472
16478
16485
16496
16498
16499
16507
16517
16528
16531
16535
16537
16542
16548
16549
16550
16554
16556
16557
16558
16568
16576
16577
16587
16588
16589
16590
16592
16600
16602
16607
16614
16620
16621
16626
16628
16631
16637
16640
16643
16644
16657
16663
16668
16669
16670
16678
16681
16682
16689
16690
16693
16698
16703
16706
16707
16711
16712
16713
16714
16716
16720
16723
16727
16733
16735
16740
16742
16743
16749
16750
16751
16752
16780
16783
16785
16787
16792
16793
16794
16795
16801
16802
16803
16807
16811
16812
16815
16817
16824
16828
16830
16833
16835
16837
16838
16840
16843
16848
16852
16858
16859
16862
16865
16868
16873
16878
16881
16883
16885
16886
16891
16903
16906
16909
16912
16913
16924
16925
16926
16936
16939
16942
16946
16950
16952
16959
16960
16961
16966
16971
16972
16973
16978
16982
16986
16987
16990
16997
16999
17001
17003
17004
17006
17008
17012
17015
17017
17018
17025
17031
17032
17033
17036
17041
17047
17051
17054
17055
17060
17062
17064
17067
17068
17073
17082
17084
17086
17088
17097
17098
17099
17111
17113
17114
17122
17128
17135
17142
17144
17145
17155
17158
17161
17162
17164
17166
17167
17173
17181
17183
17186
17190
17191
17199
17203
17207
17208
17209
17212
17214
17228
17236
17237
17243
17276
17277
17278
17281
17289
17291
17293
17299
17301
17302
17309
17311
17319
17323
17326
17328
17332
17335
17336
17337
17346
17348
17350
17353
17354
17355
17356
17363
17371
17372
17376
17381
17384
17401
17408
17416
17421
17429
17431
17434
17436
17439
17443
17449
17457
17460
17462
17465
17466
17468
17471
17481
17488
17495
17499
17506
17511
17513
17517
17519
17520
17521
17525
17528
17535
17551
17554
17562
17574
17583
17589
17602
17604
17610
17614
17616
17621
17631
17634
17635
17637
17640
17647
17648
17650
17652
17655
17656
17657
17658
17670
17671
17674
17678
17681
17685
17688
17691
17692
17693
17694
17698
17701
17706
17712
17714
17723
17728
17733
17734
17738
17742
17745
17751
17755
17757
17758
17761
17765
17771
17774
17776
17777
17796
17803
17804
17805
17807
17814
17816
17820
17822
17831
17834
17835
17841
17855
17856
17859
17860
17863
17866
17867
17870
17873
17878
17886
17889
17894
17896
17903
17905
17907
17909
17910
17912
17916
17917
17918
17926
17927
17932
17936
17940
17950
17953
17955
17958
17961
17997
17999
18000
18007
18009
18010
18011
18020
18025
18026
18027
18037
18044
18045
18052
18058
18059
18065
18068
18074
18075
18076
18080
18082
18092
18095
18100
18104
18108
18111
18113
18123
18126
18128
18134
18139
18140
18142
18145
18147
18148
18154
18163
18164
18170
18171
18179
18191
18192
18201
18205
18206
18209
18213
18216
18219
18228
18229
18230
18232
18236
18237
18243
18246
18248
18250
18253
18257
18258
18260
18264
18266
18268
18276
18277
18280
18289
18290
18291
18293
18294
18297
18300
18301
18303
18305
18307
18310
18323
18331
18348
18352
18354
18361
18365
18366
18373
18375
18381
18384
18386
18389
18390
18393
18398
18402
18403
18406
18407
18415
18425
18427
18452
18460
18461
18462
18465
18466
18469
18472
18476
18477
18481
18482
18490
18492
18495
18499
18503
18506
18509
18511
18512
18514
18517
18518
18527
18534
18536
18544
18549
18554
18556
18557
18565
18572
18574
18575
18577
18580
18586
18590
18593
18595
18596
18599
18603
18604
18609
18621
18623
18624
18627
18629
18633
18638
18644
18649
18656
18659
18660
18662
18666
18670
18674
18677
18679
18686
18696
18698
18702
18703
18704
18705
18714
18715
18728
18738
18739
18740
18741
18749
18750
18754
18757
18761
18763
18765
18770
18774
18777
18778
18781
18787
18794
18801
18805
18806
18810
18818
18820
18829
18830
18832
18836
18842
18844
18847
18851
18856
18861
18867
18871
18879
18880
18888
18889
18890
18912
18914
18920
18922
18924
18926
18934
18935
18942
18943
18944
18954
18963
18965
18966
18970
18972
18982
18983
18990
18991
18994
19000
19005
19006
19009
19010
19011
19015
19030
19031
19035
19040
19044
19047
19048
19053
19065
19068
19073
19075
19085
19086
19088
19089
19091
19092
19093
19094
19099
19103
19105
19108
19114
19120
19122
19123
19136
19137
19139
19140
19141
19144
19148
19151
19153
19154
19155
19161
19165
19167
19168
19171
19175
19181
19182
19183
19193
19197
19198
19199
19201
19205
19207
19211
19214
19219
19234
19240
19243
19254
19258
19264
19265
19267
19271
19275
19281
19282
19301
19306
19310
19312
19316
19320
19321
19330
19331
19336
19347
19349
19353
19355
19359
19366
19370
19373
19376
19386
19388
19391
19401
19410
19414
19415
19416
19424
19428
19437
19440
19441
19443
19449
19462
19466
19467
19469
19470
19475
19479
19482
19485
19491
19497
19498
19509
19514
19516
19521
19522
19526
19531
19537
19542
19544
19549
19551
19560
19570
19571
19574
19576
19579
19580
19583
19589
19595
19598
19602
19607
19612
19618
19619
19622
19623
19634
19641
19643
19647
19649
19650
